eval_accuracy = 0.926605504587156
eval_loss = 0.237043541642504
global_step = 6315
loss = 0.052949204216235606
